100 100 0
0 0 1
2 0 1
4 0 1
6 0 1
8 0 1
10 0 1
12 0 1
14 0 1
16 0 1
18 0 1
20 0 1
22 0 1
24 0 1
26 0 1
28 0 1
30 0 1
32 0 1
34 0 1
36 0 1
38 0 1
40 0 1
42 0 1
44 0 1
46 0 1
48 0 1
50 0 1
52 0 1
54 0 1
56 0 1
58 0 1
60 0 1
62 0 1
64 0 1
66 0 1
68 0 1
70 0 1
72 0 1
74 0 1
76 0 1
78 0 1
80 0 1
82 0 1
84 0 1
86 0 1
88 0 1
90 0 1
92 0 1
94 0 1
96 0 1
98 0 1
1 10 1
3 10 1
5 10 1
7 10 1
9 10 1
11 10 1
13 10 1
15 10 1
17 10 1
19 10 1
21 10 1
23 10 1
25 10 1
27 10 1
29 10 1
31 10 1
33 10 1
35 10 1
37 10 1
39 10 1
41 10 1
43 10 1
45 10 1
47 10 1
49 10 1
51 10 1
53 10 1
55 10 1
57 10 1
59 10 1
61 10 1
63 10 1
65 10 1
67 10 1
69 10 1
71 10 1
73 10 1
75 10 1
77 10 1
79 10 1
81 10 1
83 10 1
85 10 1
87 10 1
89 10 1
91 10 1
93 10 1
95 10 1
97 10 1
99 10 1
1 0 1 1
3 0 1 1
5 0 1 1
7 0 1 1
9 0 1 1
11 0 1 1
13 0 1 1
15 0 1 1
17 0 1 1
19 0 1 1
21 0 1 1
23 0 1 1
25 0 1 1
27 0 1 1
29 0 1 1
31 0 1 1
33 0 1 1
35 0 1 1
37 0 1 1
39 0 1 1
41 0 1 1
43 0 1 1
45 0 1 1
47 0 1 1
49 0 1 1
51 0 1 1
53 0 1 1
55 0 1 1
57 0 1 1
59 0 1 1
61 0 1 1
63 0 1 1
65 0 1 1
67 0 1 1
69 0 1 1
71 0 1 1
73 0 1 1
75 0 1 1
77 0 1 1
79 0 1 1
81 0 1 1
83 0 1 1
85 0 1 1
87 0 1 1
89 0 1 1
91 0 1 1
93 0 1 1
95 0 1 1
97 0 1 1
99 0 1 1
0 10 1 1
2 10 1 1
4 10 1 1
6 10 1 1
8 10 1 1
10 10 1 1
12 10 1 1
14 10 1 1
16 10 1 1
18 10 1 1
20 10 1 1
22 10 1 1
24 10 1 1
26 10 1 1
28 10 1 1
30 10 1 1
32 10 1 1
34 10 1 1
36 10 1 1
38 10 1 1
40 10 1 1
42 10 1 1
44 10 1 1
46 10 1 1
48 10 1 1
50 10 1 1
52 10 1 1
54 10 1 1
56 10 1 1
58 10 1 1
60 10 1 1
62 10 1 1
64 10 1 1
66 10 1 1
68 10 1 1
70 10 1 1
72 10 1 1
74 10 1 1
76 10 1 1
78 10 1 1
80 10 1 1
82 10 1 1
84 10 1 1
86 10 1 1
88 10 1 1
90 10 1 1
92 10 1 1
94 10 1 1
96 10 1 1
98 10 1 1
